11
11
0 
- CP04
0 
+ CP07
0 
- CP08
0 
+ CP04
0 
- CP04
0 
+ CP05
0 
- CP02
0 
0 
- CP02
0 
0 
- CP02
0
0
0
0
0
0
0
0
0
0
0
0 
0 
+ CP02
0 
0 
+ CP04
0 
0 
+ CP10i
0 
0 
0 
0 
0 
0 
0 
0 
0 
0 
0 
0 
0 
0 
0
0
0 
- CP04
0 
+ CP07
0 
- CP08
0 
+ CP04
0 
- CP04
0 
+ CP05
0 
- CP02
0 
0 
- CP02
0 
0 
- CP02
0 
0 
0 
0 
0 
0 
- CP04
0 
0 
0 
0
0
0 
- CP05
0 
+ CP02
0 
- CP05
0 
+ CP04
0 
- CP05
0 
+ CP05
0 
- CP05
0 
0 
- CP05
0 
0 
- CP05
0 
0 
0 
0 
0 
0 
- CP05
0 
0 
0 
0
0
0 
- CP02
0 
+ CP02
0 
- CP02
0 
+ CP04
0 
- CP02
0 
+ CP05
0 
- CP02
0 
0 
- CP02
0 
0 
- CP02
0 
0 
0 
0 
0 
0 
- CP02
0 
0 
0 
0
0
0 
0 
+ CP02
0 
0 
+ CP09
0 
0 
+ CP05
0 
0 
0 
0 
0 
0 
0 
0 
0 
0 
0 
0 
0 
0 
0
0
0 
0 
0 
0 
0 
0 
0 
0 
0 
0 
0 
0 
0 
0 
0 
0 
0 
0 
0 
0 
0
0
0 
0 
0 
0 
0 
0 
0 
0 
0 
0 
0 
0 
0 
0 
0 
0 
0 
0 
0 
0 
0
0
+ CP02
0 
0 
+ CP02
0 
0 
+ CP04
0 
0 
+ CP05
0 
0 
0 
0 
0 
0 
0 
0 
0 
0 
0 
0 
0 
0 
0
0
0 
0 
0 
0 
0 
0 
0 
0 
0 
0 
0 
0 
0 
0 
0 
0 
0 
0 
0 
0 
0
0
S
0
0
S
0
0
S
0
0
S
0
0
S
0
0
0
0
0
0
0
0
S
0
0
0
0
0
0
